160
2 375 424 
2 376 452 
2 387 388 
2 392 397 
2 396 399 
2 400 422 
2 403 425 
2 409 411 
2 410 466 
2 414 446 
2 419 453 
2 420 464 
2 421 469 
2 423 470 
2 427 445 
2 429 432 
2 430 437 
2 431 451 
2 433 460 
2 434 476 
2 438 455 
2 439 471 
2 441 477 
2 442 481 
2 443 479 
2 444 485 
2 447 449 
2 448 491 
2 454 474 
2 459 493 
2 461 472 
2 462 489 
2 463 480 
2 467 490 
2 473 498 
2 475 496 
2 482 494 
2 484 486 
2 492 499 
2 495 497 
3 196 275 290 
3 197 281 296 
3 199 203 314 
3 201 207 280 
3 208 214 289 
3 210 217 233 
3 212 303 313 
3 213 235 323 
3 218 242 244 
3 221 268 335 
3 230 234 321 
3 231 251 307 
3 236 237 269 
3 240 284 297 
3 245 254 308 
3 249 325 327 
3 252 305 316 
3 256 343 386 
3 258 273 349 
3 261 317 339 
3 263 264 304 
3 266 267 318 
3 271 278 282 
3 276 283 357 
3 277 338 359 
3 279 331 374 
3 285 294 361 
3 286 309 340 
3 288 341 355 
3 292 344 347 
3 295 320 346 
3 298 354 370 
3 299 393 398 
3 300 312 365 
3 301 395 404 
3 302 360 380 
3 306 413 478 
3 310 383 389 
3 311 353 412 
3 315 342 488 
3 319 379 418 
3 322 381 428 
3 324 356 402 
3 326 363 368 
3 328 345 408 
3 329 332 416 
3 330 382 440 
3 333 415 426 
3 334 377 417 
3 336 385 435 
3 337 407 487 
3 348 384 394 
3 350 372 456 
3 351 362 405 
3 352 468 483 
3 358 378 436 
3 364 373 390 
3 367 391 401 
3 369 457 458 
3 371 450 465 
4 0 2 4 9 
4 1 16 22 30 
4 3 8 31 74 
4 5 26 42 51 
4 6 23 39 43 
4 7 37 63 94 
4 10 29 32 46 
4 11 57 68 77 
4 12 25 53 62 
4 13 19 66 118 
4 14 27 45 49 
4 15 36 58 83 
4 17 40 41 67 
4 18 34 80 85 
4 20 24 50 126 
4 21 59 70 75 
4 28 82 84 87 
4 33 88 96 102 
4 35 98 103 122 
4 38 104 127 133 
4 44 56 101 107 
4 47 110 116 125 
4 48 54 69 146 
4 52 81 114 150 
4 55 71 100 130 
4 60 79 119 131 
4 61 95 134 135 
4 64 76 140 222 
4 65 78 112 145 
4 72 115 157 161 
4 73 106 142 183 
4 86 137 143 179 
4 89 90 124 148 
4 91 99 132 216 
4 92 109 136 151 
4 93 167 168 169 
4 97 171 173 176 
4 105 149 153 220 
4 108 152 185 228 
4 111 129 224 238 
4 113 117 215 239 
4 120 139 178 191 
4 121 144 156 184 
4 123 160 162 206 
4 128 158 202 243 
4 138 164 172 174 
4 141 209 223 229 
4 147 154 194 211 
4 155 166 205 227 
4 159 175 226 248 
4 163 187 250 257 
4 165 198 232 241 
4 170 177 204 246 
4 180 186 200 247 
4 181 192 259 270 
4 182 195 291 366 
4 188 219 274 406 
4 189 253 260 265 
4 190 255 262 272 
4 193 225 287 293 