1628
2 3933 3970 
2 3940 3974 
2 3942 3979 
2 3944 3964 
2 3945 3975 
2 3950 3963 
2 3956 3968 
2 3965 3972 
2 3966 3976 
2 3969 3971 
2 3973 3977 
2 3978 3981 
2 3980 3982 
2 3983 3986 
2 3984 3988 
2 3985 3992 
2 3987 3996 
2 3989 3990 
2 3991 3994 
2 3993 3995 
2 3997 3998 
2 3999 4001 
2 4000 4003 
2 4002 4005 
2 4004 4015 
2 4006 4007 
2 4008 4009 
2 4010 4011 
2 4012 4013 
2 4014 4017 
2 4016 4020 
2 4018 4019 
2 4021 4022 
2 4023 4024 
2 4025 4026 
2 4027 4028 
2 4029 4030 
2 4031 4035 
2 4032 4033 
2 4034 4037 
2 4036 4039 
2 4038 4042 
2 4040 4046 
2 4041 4050 
2 4043 4045 
2 4044 4049 
2 4047 4052 
2 4048 4051 
2 4053 4055 
2 4054 4056 
2 4057 4060 
2 4058 4061 
2 4059 4062 
2 4063 4065 
2 4064 4068 
2 4066 4069 
2 4067 4070 
2 4071 4072 
2 4073 4075 
2 4074 4081 
2 4076 4083 
2 4077 4078 
2 4079 4080 
2 4082 4084 
2 4085 4086 
2 4087 4088 
2 4089 4095 
2 4090 4096 
2 4091 4101 
2 4092 4093 
2 4094 4097 
2 4098 4104 
2 4099 4105 
2 4100 4111 
2 4102 4109 
2 4103 4107 
2 4106 4114 
2 4108 4113 
2 4110 4115 
2 4112 4117 
2 4116 4118 
2 4119 4120 
2 4121 4122 
2 4123 4124 
2 4125 4126 
2 4127 4128 
2 4129 4130 
2 4131 4138 
2 4132 4134 
2 4133 4136 
2 4135 4140 
2 4137 4142 
2 4139 4145 
2 4141 4146 
2 4143 4144 
2 4147 4152 
2 4148 4149 
2 4150 4158 
2 4151 4153 
2 4154 4157 
2 4155 4159 
2 4156 4162 
2 4160 4161 
2 4163 4166 
2 4164 4168 
2 4165 4169 
2 4167 4174 
2 4170 4171 
2 4172 4177 
2 4173 4175 
2 4176 4178 
2 4179 4180 
2 4181 4182 
2 4183 4186 
2 4184 4188 
2 4185 4190 
2 4187 4189 
2 4191 4192 
2 4193 4195 
2 4194 4199 
2 4196 4201 
2 4197 4203 
2 4198 4200 
2 4202 4204 
2 4205 4206 
2 4207 4208 
2 4209 4210 
2 4211 4212 
2 4213 4214 
2 4215 4216 
2 4217 4219 
2 4218 4220 
2 4221 4223 
2 4222 4234 
2 4224 4225 
2 4226 4227 
2 4228 4229 
2 4230 4236 
2 4231 4232 
2 4233 4241 
2 4235 4243 
2 4237 4238 
2 4239 4242 
2 4240 4253 
2 4244 4250 
2 4245 4247 
2 4246 4248 
2 4249 4252 
2 4251 4255 
2 4254 4260 
2 4256 4257 
2 4258 4259 
2 4261 4262 
2 4263 4264 
2 4265 4266 
2 4267 4268 
2 4269 4270 
2 4271 4272 
2 4273 4274 
2 4275 4276 
2 4277 4278 
2 4279 4280 
2 4281 4282 
2 4283 4285 
2 4284 4288 
2 4286 4294 
2 4287 4289 
2 4290 4295 
2 4291 4296 
2 4292 4299 
2 4293 4297 
2 4298 4302 
2 4300 4301 
2 4303 4304 
2 4305 4306 
2 4307 4310 
2 4308 4309 
2 4311 4312 
2 4313 4315 
2 4314 4316 
2 4317 4319 
2 4318 4329 
2 4320 4321 
2 4322 4324 
2 4323 4326 
2 4325 4327 
2 4328 4332 
2 4330 4334 
2 4331 4336 
2 4333 4338 
2 4335 4342 
2 4337 4340 
2 4339 4343 
2 4341 4344 
2 4345 4346 
2 4347 4348 
2 4349 4350 
2 4351 4362 
2 4352 4360 
2 4353 4354 
2 4355 4356 
2 4357 4364 
2 4358 4365 
2 4359 4366 
2 4361 4368 
2 4363 4371 
2 4367 4377 
2 4369 4373 
2 4370 4372 
2 4374 4378 
2 4375 4382 
2 4376 4380 
2 4379 4383 
2 4381 4384 
2 4385 4386 
2 4387 4388 
2 4389 4391 
2 4390 4395 
2 4392 4396 
2 4393 4394 
2 4397 4399 
2 4398 4401 
2 4400 4404 
2 4402 4418 
2 4403 4407 
2 4405 4420 
2 4406 4411 
2 4408 4413 
2 4409 4410 
2 4412 4417 
2 4414 4416 
2 4415 4422 
2 4419 4423 
2 4421 4424 
2 4425 4429 
2 4426 4427 
2 4428 4431 
2 4430 4432 
2 4433 4434 
2 4435 4436 
2 4437 4438 
2 4439 4443 
2 4440 4441 
2 4442 4444 
2 4445 4446 
2 4447 4453 
2 4448 4450 
2 4449 4454 
2 4451 4455 
2 4452 4459 
2 4456 4462 
2 4457 4458 
2 4460 4461 
2 4463 4465 
2 4464 4466 
2 4467 4470 
2 4468 4471 
2 4469 4472 
2 4473 4476 
2 4474 4484 
2 4475 4481 
2 4477 4483 
2 4478 4479 
2 4480 4485 
2 4482 4486 
2 4487 4488 
2 4489 4492 
2 4490 4493 
2 4491 4497 
2 4494 4495 
2 4496 4499 
2 4498 4508 
2 4500 4501 
2 4502 4503 
2 4504 4512 
2 4505 4506 
2 4507 4510 
2 4509 4525 
2 4511 4515 
2 4513 4514 
2 4516 4519 
2 4517 4518 
2 4520 4522 
2 4521 4526 
2 4523 4528 
2 4524 4536 
2 4527 4530 
2 4529 4531 
2 4532 4534 
2 4533 4537 
2 4535 4538 
2 4539 4540 
2 4541 4542 
2 4543 4544 
2 4545 4548 
2 4546 4547 
2 4549 4552 
2 4550 4569 
2 4551 4576 
2 4553 4556 
2 4554 4560 
2 4555 4570 
2 4557 4563 
2 4558 4566 
2 4559 4562 
2 4561 4580 
2 4564 4568 
2 4565 4575 
2 4567 4584 
2 4571 4572 
2 4573 4577 
2 4574 4585 
2 4578 4583 
2 4579 4589 
2 4581 4586 
2 4582 4587 
2 4588 4590 
2 4591 4593 
2 4592 4597 
2 4594 4599 
2 4595 4596 
2 4598 4601 
2 4600 4603 
2 4602 4606 
2 4604 4608 
2 4605 4609 
2 4607 4615 
2 4610 4612 
2 4611 4613 
2 4614 4616 
2 4617 4621 
2 4618 4619 
2 4620 4622 
2 4623 4624 
2 4625 4626 
2 4627 4629 
2 4628 4634 
2 4630 4632 
2 4631 4642 
2 4633 4640 
2 4635 4643 
2 4636 4645 
2 4637 4647 
2 4638 4641 
2 4639 4654 
2 4644 4652 
2 4646 4648 
2 4649 4672 
2 4650 4658 
2 4651 4665 
2 4653 4660 
2 4655 4656 
2 4657 4673 
2 4659 4666 
2 4661 4667 
2 4662 4664 
2 4663 4674 
2 4668 4675 
2 4669 4671 
2 4670 4677 
2 4676 4678 
2 4679 4680 
2 4681 4682 
2 4683 4684 
2 4685 4686 
2 4687 4688 
2 4689 4691 
2 4690 4693 
2 4692 4697 
2 4694 4698 
2 4695 4707 
2 4696 4699 
2 4700 4701 
2 4702 4710 
2 4703 4709 
2 4704 4705 
2 4706 4719 
2 4708 4722 
2 4711 4730 
2 4712 4713 
2 4714 4715 
2 4716 4729 
2 4717 4718 
2 4720 4726 
2 4721 4723 
2 4724 4727 
2 4725 4732 
2 4728 4733 
2 4731 4735 
2 4734 4737 
2 4736 4741 
2 4738 4739 
2 4740 4744 
2 4742 4743 
2 4745 4746 
2 4747 4748 
2 4749 4750 
2 4751 4752 
2 4753 4754 
2 4755 4756 
2 4757 4758 
2 4759 4760 
2 4761 4763 
2 4762 4765 
2 4764 4767 
2 4766 4768 
2 4769 4771 
2 4770 4772 
2 4773 4776 
2 4774 4779 
2 4775 4778 
2 4777 4780 
2 4781 4782 
2 4783 4785 
2 4784 4786 
2 4787 4789 
2 4788 4794 
2 4790 4791 
2 4792 4797 
2 4793 4795 
2 4796 4799 
2 4798 4800 
2 4801 4803 
2 4802 4805 
2 4804 4806 
2 4807 4809 
2 4808 4812 
2 4810 4811 
2 4813 4816 
2 4814 4817 
2 4815 4818 
2 4819 4820 
2 4821 4823 
2 4822 4824 
2 4825 4826 
2 4827 4828 
2 4829 4830 
2 4831 4832 
2 4833 4834 
2 4835 4836 
2 4837 4849 
2 4838 4839 
2 4840 4846 
2 4841 4842 
2 4843 4844 
2 4845 4850 
2 4847 4851 
2 4848 4853 
2 4852 4854 
2 4855 4864 
2 4856 4857 
2 4858 4866 
2 4859 4862 
2 4860 4869 
2 4861 4872 
2 4863 4873 
2 4865 4868 
2 4867 4881 
2 4870 4882 
2 4871 4878 
2 4874 4888 
2 4875 4885 
2 4876 4890 
2 4877 4889 
2 4879 4880 
2 4883 4891 
2 4884 4897 
2 4886 4903 
2 4887 4895 
2 4892 4898 
2 4893 4896 
2 4894 4901 
2 4899 4900 
2 4902 4908 
2 4904 4905 
2 4906 4907 
2 4909 4910 
2 4911 4912 
2 4913 4915 
2 4914 4919 
2 4916 4921 
2 4917 4924 
2 4918 4920 
2 4922 4923 
2 4925 4930 
2 4926 4927 
2 4928 4929 
2 4931 4932 
2 4933 4934 
2 4935 4936 
2 4937 4938 
2 4939 4941 
2 4940 4942 
2 4943 4946 
2 4944 4947 
2 4945 4948 
2 4949 4950 
2 4951 4954 
2 4952 4955 
2 4953 4956 
2 4957 4963 
2 4958 4968 
2 4959 4970 
2 4960 4962 
3 2289 2295 2353 
3 2293 2357 2372 
3 2296 2333 2370 
3 2300 2379 2383 
3 2305 2376 2394 
3 2307 2334 2377 
3 2308 2387 2391 
3 2309 2365 2392 
3 2310 2324 2329 
3 2313 2380 2393 
3 2320 2356 2390 
3 2323 2381 2404 
3 2331 2397 2403 
3 2337 2367 2396 
3 2340 2408 2409 
3 2342 2373 2406 
3 2343 2389 2413 
3 2345 2416 2419 
3 2351 2375 2414 
3 2358 2385 2410 
3 2364 2384 2421 
3 2368 2378 2418 
3 2382 2386 2388 
3 2395 2438 2440 
3 2398 2405 2411 
3 2399 2415 2423 
3 2400 2412 2426 
3 2401 2420 2429 
3 2402 2424 2427 
3 2407 2425 2445 
3 2417 2430 2434 
3 2422 2433 2435 
3 2428 2441 2443 
3 2431 2439 2444 
3 2432 2446 2447 
3 2436 2437 2449 
3 2442 2448 2453 
3 2450 2451 2452 
3 2454 2455 2457 
3 2456 2460 2465 
3 2458 2459 2477 
3 2461 2467 2473 
3 2462 2464 2471 
3 2463 2466 2474 
3 2468 2469 2476 
3 2470 2472 2478 
3 2475 2487 2494 
3 2479 2481 2491 
3 2480 2482 2492 
3 2483 2485 2493 
3 2484 2490 2496 
3 2486 2500 2507 
3 2488 2497 2501 
3 2489 2518 2519 
3 2495 2502 2508 
3 2498 2503 2506 
3 2499 2505 2521 
3 2504 2511 2512 
3 2509 2517 2522 
3 2510 2515 2520 
3 2513 2514 2524 
3 2516 2523 2526 
3 2525 2529 2531 
3 2527 2530 2534 
3 2528 2532 2537 
3 2533 2539 2540 
3 2535 2542 2543 
3 2536 2551 2553 
3 2538 2547 2550 
3 2541 2546 2557 
3 2544 2574 2581 
3 2545 2559 2588 
3 2548 2576 2593 
3 2549 2560 2580 
3 2552 2554 2556 
3 2555 2562 2568 
3 2558 2561 2569 
3 2563 2565 2594 
3 2564 2567 2586 
3 2566 2570 2597 
3 2571 2601 2606 
3 2572 2599 2603 
3 2573 2605 2607 
3 2575 2609 2613 
3 2577 2578 2587 
3 2579 2592 2614 
3 2582 2583 2611 
3 2584 2618 2623 
3 2585 2604 2615 
3 2589 2625 2638 
3 2590 2616 2617 
3 2591 2600 2602 
3 2595 2624 2631 
3 2596 2608 2630 
3 2598 2626 2637 
3 2610 2629 2633 
3 2612 2620 2635 
3 2619 2634 2636 
3 2621 2622 2639 
3 2627 2640 2641 
3 2628 2643 2644 
3 2632 2645 2650 
3 2642 2653 2654 
3 2646 2648 2649 
3 2647 2651 2655 
3 2652 2670 2675 
3 2656 2657 2658 
3 2659 2660 2662 
3 2661 2665 2666 
3 2663 2664 2677 
3 2667 2668 2671 
3 2669 2678 2679 
3 2672 2681 2682 
3 2673 2680 2684 
3 2674 2692 2693 
3 2676 2683 2688 
3 2685 2689 2690 
3 2686 2701 2708 
3 2687 2696 2710 
3 2691 2698 2699 
3 2694 2695 2704 
3 2697 2700 2703 
3 2702 2709 2714 
3 2705 2711 2717 
3 2706 2712 2719 
3 2707 2720 2722 
3 2713 2721 2729 
3 2715 2724 2725 
3 2716 2734 2737 
3 2718 2733 2735 
3 2723 2738 2739 
3 2726 2742 2748 
3 2727 2740 2760 
3 2728 2767 2768 
3 2730 2744 2745 
3 2731 2746 2753 
3 2732 2743 2755 
3 2736 2757 2764 
3 2741 2761 2774 
3 2747 2750 2765 
3 2749 2777 2778 
3 2751 2756 2763 
3 2752 2780 2784 
3 2754 2758 2779 
3 2759 2782 2787 
3 2762 2769 2770 
3 2766 2788 2791 
3 2771 2772 2773 
3 2775 2776 2794 
3 2781 2786 2800 
3 2783 2790 2803 
3 2785 2793 2796 
3 2789 2797 2810 
3 2792 2798 2801 
3 2795 2813 2822 
3 2799 2806 2815 
3 2802 2818 2826 
3 2804 2814 2832 
3 2805 2808 2816 
3 2807 2820 2827 
3 2809 2821 2830 
3 2811 2812 2833 
3 2817 2829 2842 
3 2819 2840 2844 
3 2823 2825 2828 
3 2824 2831 2834 
3 2835 2838 2845 
3 2836 2839 2851 
3 2837 2846 2849 
3 2841 2853 2855 
3 2843 2850 2865 
3 2847 2848 2864 
3 2852 2856 2857 
3 2854 2867 2868 
3 2858 2860 2863 
3 2859 2871 2878 
3 2861 2869 2888 
3 2862 2875 2880 
3 2866 2870 2876 
3 2872 2889 2893 
3 2873 2882 2883 
3 2874 2884 2894 
3 2877 2901 2902 
3 2879 2895 2896 
3 2881 2885 2890 
3 2886 2892 2900 
3 2887 2903 2904 
3 2891 2899 2908 
3 2897 2898 2911 
3 2905 2906 2913 
3 2907 2914 2919 
3 2909 2910 2915 
3 2912 2917 2923 
3 2916 2921 2925 
3 2918 2922 2926 
3 2920 2930 2931 
3 2924 2938 2940 
3 2927 2942 2943 
3 2928 2929 2936 
3 2932 2945 2960 
3 2933 2934 2937 
3 2935 2958 2965 
3 2939 2948 2955 
3 2941 2956 2963 
3 2944 2970 2971 
3 2946 2951 2966 
3 2947 2950 2961 
3 2949 2953 2967 
3 2952 2959 2972 
3 2954 2973 2974 
3 2957 2969 2975 
3 2962 2976 2979 
3 2964 2981 2984 
3 2968 2986 2989 
3 2977 2990 2992 
3 2978 2980 2988 
3 2982 2991 3000 
3 2983 2987 2995 
3 2985 2997 3010 
3 2993 2996 2998 
3 2994 3003 3005 
3 2999 3009 3013 
3 3001 3007 3016 
3 3002 3014 3026 
3 3004 3008 3025 
3 3006 3018 3019 
3 3011 3030 3034 
3 3012 3017 3032 
3 3015 3043 3065 
3 3020 3027 3036 
3 3021 3033 3039 
3 3022 3040 3045 
3 3023 3035 3046 
3 3024 3058 3066 
3 3028 3048 3061 
3 3029 3056 3067 
3 3031 3041 3063 
3 3037 3038 3060 
3 3042 3064 3069 
3 3044 3051 3052 
3 3047 3054 3071 
3 3049 3055 3074 
3 3050 3068 3079 
3 3053 3057 3059 
3 3062 3070 3077 
3 3072 3081 3085 
3 3073 3083 3090 
3 3075 3078 3084 
3 3076 3082 3093 
3 3080 3087 3094 
3 3086 3088 3098 
3 3089 3111 3113 
3 3091 3095 3099 
3 3092 3097 3100 
3 3096 3103 3116 
3 3101 3104 3109 
3 3102 3105 3117 
3 3106 3108 3118 
3 3107 3122 3128 
3 3110 3114 3125 
3 3112 3119 3130 
3 3115 3123 3127 
3 3120 3121 3138 
3 3124 3129 3140 
3 3126 3148 3151 
3 3131 3133 3139 
3 3132 3143 3152 
3 3134 3137 3159 
3 3135 3160 3162 
3 3136 3150 3156 
3 3141 3147 3158 
3 3142 3163 3168 
3 3144 3145 3166 
3 3146 3154 3165 
3 3149 3171 3182 
3 3153 3157 3169 
3 3155 3180 3184 
3 3161 3172 3183 
3 3164 3173 3177 
3 3167 3175 3185 
3 3170 3190 3197 
3 3174 3179 3181 
3 3176 3192 3198 
3 3178 3191 3200 
3 3186 3187 3189 
3 3188 3193 3206 
3 3194 3195 3204 
3 3196 3207 3209 
3 3199 3201 3202 
3 3203 3208 3215 
3 3205 3210 3213 
3 3211 3216 3219 
3 3212 3221 3222 
3 3214 3220 3230 
3 3217 3224 3225 
3 3218 3226 3231 
3 3223 3234 3236 
3 3227 3232 3233 
3 3228 3243 3245 
3 3229 3237 3238 
3 3235 3241 3249 
3 3239 3242 3250 
3 3240 3247 3251 
3 3244 3254 3260 
3 3246 3252 3263 
3 3248 3262 3264 
3 3253 3255 3256 
3 3257 3269 3277 
3 3258 3259 3266 
3 3261 3265 3270 
3 3267 3275 3281 
3 3268 3278 3282 
3 3271 3280 3285 
3 3272 3283 3284 
3 3273 3287 3288 
3 3274 3279 3291 
3 3276 3286 3289 
3 3290 3294 3296 
3 3292 3293 3303 
3 3295 3310 3314 
3 3297 3298 3304 
3 3299 3300 3319 
3 3301 3305 3306 
3 3302 3315 3317 
3 3307 3312 3320 
3 3308 3325 3326 
3 3309 3336 3339 
3 3311 3324 3328 
3 3313 3321 3331 
3 3316 3334 3341 
3 3318 3333 3340 
3 3322 3335 3338 
3 3323 3342 3345 
3 3327 3343 3344 
3 3329 3337 3348 
3 3330 3346 3349 
3 3332 3351 3354 
3 3347 3358 3366 
3 3350 3353 3359 
3 3352 3360 3364 
3 3355 3361 3365 
3 3356 3373 3377 
3 3357 3369 3378 
3 3362 3374 3380 
3 3363 3370 3372 
3 3367 3384 3387 
3 3368 3388 3390 
3 3371 3383 3391 
3 3375 3389 3393 
3 3376 3397 3398 
3 3379 3392 3394 
3 3381 3395 3399 
3 3382 3400 3401 
3 3385 3386 3402 
3 3396 3403 3404 
3 3405 3406 3408 
3 3407 3409 3413 
3 3410 3411 3414 
3 3412 3417 3418 
3 3415 3416 3419 
3 3420 3421 3429 
3 3422 3424 3426 
3 3423 3427 3428 
3 3425 3430 3432 
3 3431 3433 3434 
3 3435 3436 3438 
3 3437 3441 3446 
3 3439 3442 3448 
3 3440 3447 3452 
3 3443 3449 3450 
3 3444 3445 3453 
3 3451 3458 3459 
3 3454 3455 3456 
3 3457 3460 3461 
3 3462 3464 3465 
3 3463 3470 3471 
3 3466 3467 3468 
3 3469 3472 3476 
3 3473 3474 3477 
3 3475 3479 3481 
3 3478 3480 3483 
3 3482 3485 3487 
3 3484 3490 3497 
3 3486 3488 3492 
3 3489 3491 3495 
3 3493 3498 3502 
3 3494 3500 3507 
3 3496 3510 3512 
3 3499 3503 3520 
3 3501 3504 3522 
3 3505 3524 3532 
3 3506 3514 3515 
3 3508 3525 3529 
3 3509 3533 3535 
3 3511 3523 3528 
3 3513 3516 3545 
3 3517 3530 3538 
3 3518 3527 3537 
3 3519 3549 3551 
3 3521 3536 3550 
3 3526 3556 3562 
3 3531 3543 3548 
3 3534 3546 3554 
3 3539 3540 3568 
3 3541 3552 3558 
3 3542 3571 3575 
3 3544 3560 3565 
3 3547 3564 3569 
3 3553 3572 3574 
3 3555 3570 3576 
3 3557 3577 3586 
3 3559 3588 3589 
3 3561 3592 3596 
3 3563 3573 3591 
3 3566 3602 3603 
3 3567 3579 3601 
3 3578 3580 3599 
3 3581 3584 3597 
3 3582 3594 3598 
3 3583 3604 3605 
3 3585 3593 3600 
3 3587 3606 3609 
3 3590 3611 3612 
3 3595 3613 3614 
3 3607 3622 3624 
3 3608 3610 3623 
3 3615 3616 3627 
3 3617 3628 3630 
3 3618 3619 3634 
3 3620 3631 3636 
3 3621 3625 3633 
3 3626 3642 3646 
3 3629 3650 3652 
3 3632 3637 3653 
3 3635 3638 3639 
3 3640 3643 3654 
3 3641 3645 3649 
3 3644 3651 3661 
3 3647 3659 3668 
3 3648 3660 3682 
3 3655 3666 3670 
3 3656 3675 3676 
3 3657 3663 3667 
3 3658 3662 3664 
3 3665 3669 3684 
3 3671 3680 3687 
3 3672 3683 3699 
3 3673 3688 3690 
3 3674 3695 3701 
3 3677 3698 3702 
3 3678 3706 3710 
3 3679 3685 3703 
3 3681 3696 3700 
3 3686 3693 3709 
3 3689 3713 3720 
3 3691 3705 3711 
3 3692 3707 3725 
3 3694 3714 3726 
3 3697 3732 3737 
3 3704 3708 3723 
3 3712 3719 3722 
3 3715 3716 3735 
3 3717 3718 3729 
3 3721 3727 3731 
3 3724 3733 3734 
3 3728 3738 3740 
3 3730 3741 3742 
3 3736 3747 3751 
3 3739 3744 3754 
3 3743 3755 3758 
3 3745 3759 3766 
3 3746 3762 3764 
3 3748 3749 3756 
3 3750 3752 3767 
3 3753 3761 3763 
3 3757 3770 3771 
3 3760 3774 3776 
3 3765 3768 3778 
3 3769 3779 3785 
3 3772 3773 3786 
3 3775 3797 3798 
3 3777 3780 3788 
3 3781 3794 3800 
3 3782 3787 3790 
3 3783 3796 3799 
3 3784 3791 3805 
3 3789 3793 3804 
3 3792 3801 3814 
3 3795 3817 3831 
3 3802 3806 3813 
3 3803 3807 3815 
3 3808 3809 3820 
3 3810 3811 3819 
3 3812 3816 3826 
3 3818 3823 3824 
3 3821 3829 3832 
3 3822 3836 3837 
3 3825 3833 3848 
3 3827 3838 3839 
3 3828 3843 3847 
3 3830 3835 3846 
3 3834 3850 3851 
3 3840 3858 3860 
3 3841 3849 3855 
3 3842 3856 3861 
3 3844 3852 3854 
3 3845 3864 3868 
3 3853 3862 3867 
3 3857 3865 3871 
3 3859 3866 3872 
3 3863 3874 3876 
3 3869 3880 3881 
3 3870 3886 3890 
3 3873 3877 3879 
3 3875 3882 3900 
3 3878 3883 3901 
3 3884 3893 3907 
3 3885 3908 3917 
3 3887 3909 3910 
3 3888 3897 3898 
3 3889 3915 3920 
3 3891 3918 3919 
3 3892 3925 3931 
3 3894 3903 3923 
3 3895 3916 3921 
3 3896 3934 3938 
3 3899 3928 3937 
3 3902 3922 3929 
3 3904 3946 3955 
3 3905 3927 3936 
3 3906 3943 3952 
3 3911 3939 3953 
3 3912 3948 3954 
3 3913 3951 3957 
3 3914 3958 3959 
3 3924 3947 3960 
3 3926 3949 3962 
3 3930 3935 3941 
3 3932 3961 3967 
4 0 1 5 14 
4 2 8 12 13 
4 3 15 16 19 
4 4 20 21 22 
4 6 26 29 35 
4 7 36 42 48 
4 9 43 50 52 
4 10 46 61 66 
4 11 25 73 80 
4 17 27 38 79 
4 18 90 92 98 
4 23 40 51 72 
4 24 33 75 77 
4 28 30 84 99 
4 31 54 55 64 
4 32 74 76 88 
4 34 39 68 91 
4 37 83 86 100 
4 41 45 102 104 
4 44 101 109 113 
4 47 95 114 116 
4 49 105 107 122 
4 53 81 93 125 
4 56 69 119 130 
4 57 70 112 128 
4 58 78 129 135 
4 59 106 155 162 
4 60 87 138 163 
4 62 127 140 158 
4 63 126 166 167 
4 65 145 181 205 
4 67 134 144 216 
4 71 223 235 237 
4 82 111 179 190 
4 85 131 175 212 
4 89 94 141 143 
4 96 152 176 191 
4 97 123 154 187 
4 103 199 215 231 
4 108 118 184 195 
4 110 157 242 243 
4 115 121 161 169 
4 117 139 196 202 
4 120 165 186 246 
4 124 148 160 222 
4 132 232 233 247 
4 133 156 209 228 
4 136 192 238 250 
4 137 147 239 261 
4 142 168 180 254 
4 146 149 194 220 
4 150 182 189 200 
4 151 173 259 260 
4 153 198 224 234 
4 159 178 265 266 
4 164 171 262 282 
4 170 183 203 248 
4 172 188 269 286 
4 174 193 271 272 
4 177 256 267 276 
4 185 208 255 279 
4 197 244 273 284 
4 201 277 294 308 
4 204 218 274 298 
4 206 230 285 295 
4 207 211 306 317 
4 210 217 291 303 
4 213 227 310 314 
4 214 309 312 320 
4 219 221 229 318 
4 225 240 275 324 
4 226 249 268 323 
4 236 302 326 330 
4 241 280 288 322 
4 245 258 315 327 
4 251 334 338 339 
4 252 278 311 340 
4 253 304 344 345 
4 257 319 329 331 
4 263 287 350 351 
4 264 349 357 364 
4 270 299 347 354 
4 281 366 367 368 
4 283 292 353 361 
4 289 316 342 363 
4 290 307 352 375 
4 293 296 360 369 
4 297 346 408 411 
4 300 374 377 382 
4 301 378 383 386 
4 305 321 337 387 
4 313 343 391 397 
4 325 333 400 416 
4 328 380 389 420 
4 332 399 426 440 
4 335 365 376 381 
4 336 418 422 429 
4 341 348 379 390 
4 355 394 395 410 
4 356 372 388 405 
4 358 402 419 442 
4 359 414 427 438 
4 362 412 434 436 
4 370 448 455 470 
4 371 445 454 475 
4 373 406 460 474 
4 384 423 447 450 
4 385 432 469 476 
4 392 409 446 484 
4 393 396 479 488 
4 398 494 495 496 
4 401 413 428 452 
4 403 449 490 492 
4 404 415 425 501 
4 407 424 466 486 
4 417 437 441 481 
4 421 497 524 528 
4 430 465 473 498 
4 431 433 478 503 
4 435 439 444 504 
4 443 518 535 539 
4 451 468 505 506 
4 453 547 548 557 
4 456 463 515 531 
4 457 458 493 511 
4 459 462 500 517 
4 461 543 551 560 
4 464 472 482 519 
4 467 485 508 523 
4 471 483 510 527 
4 477 480 507 544 
4 487 491 509 563 
4 489 521 526 536 
4 499 530 545 553 
4 502 514 549 564 
4 512 533 537 538 
4 513 541 552 569 
4 516 534 542 546 
4 520 550 561 577 
4 522 572 581 584 
4 525 554 570 578 
4 529 555 574 582 
4 532 567 580 585 
4 540 571 583 588 
4 556 562 587 592 
4 558 568 599 600 
4 559 566 603 614 
4 565 575 607 612 
4 573 591 601 609 
4 576 579 596 606 
4 586 605 619 647 
4 589 595 617 624 
4 590 608 625 629 
4 593 623 626 650 
4 594 632 638 646 
4 597 610 653 655 
4 598 602 639 663 
4 604 660 661 665 
4 611 615 616 627 
4 613 621 637 657 
4 618 620 640 662 
4 622 633 664 667 
4 628 641 643 656 
4 630 635 680 681 
4 631 671 672 685 
4 634 649 670 694 
4 636 659 679 682 
4 642 658 686 695 
4 644 668 692 700 
4 645 699 701 707 
4 648 689 698 702 
4 651 666 710 721 
4 652 677 688 696 
4 654 690 712 713 
4 669 673 704 705 
4 674 718 722 743 
4 675 691 697 715 
4 676 719 732 736 
4 678 716 724 731 
4 683 728 742 744 
4 684 720 747 748 
4 687 751 754 763 
4 693 708 758 759 
4 703 729 749 755 
4 706 741 770 772 
4 709 761 765 768 
4 711 734 757 762 
4 714 775 783 786 
4 717 764 779 784 
4 723 776 785 788 
4 725 726 781 790 
4 727 733 787 816 
4 730 789 799 807 
4 735 792 795 798 
4 737 746 777 806 
4 738 771 805 811 
4 739 740 808 810 
4 745 803 809 813 
4 750 782 815 822 
4 752 817 841 843 
4 753 800 812 824 
4 756 769 814 826 
4 760 830 838 851 
4 766 852 853 855 
4 767 832 845 857 
4 773 793 861 870 
4 774 874 880 882 
4 778 794 891 897 
4 780 823 828 873 
4 791 827 865 879 
4 796 821 842 890 
4 797 829 860 904 
4 801 819 866 869 
4 802 825 856 863 
4 804 833 872 895 
4 818 858 892 905 
4 820 914 925 927 
4 831 835 881 907 
4 834 837 878 913 
4 836 862 871 917 
4 839 910 918 928 
4 840 886 920 921 
4 844 883 929 932 
4 846 867 933 940 
4 847 942 944 946 
4 848 888 894 941 
4 849 885 950 963 
4 850 938 969 971 
4 854 939 945 951 
4 859 899 952 957 
4 864 975 979 980 
4 868 901 908 911 
4 875 943 967 972 
4 876 982 989 994 
4 877 896 966 985 
4 884 959 1003 1007 
4 887 964 981 993 
4 889 898 930 997 
4 893 912 991 996 
4 900 903 934 1006 
4 902 935 961 965 
4 906 909 958 1011 
4 915 986 1005 1014 
4 916 949 1019 1024 
4 919 955 988 1016 
4 922 937 953 974 
4 923 977 1000 1017 
4 924 1008 1022 1028 
4 926 1025 1026 1029 
4 931 987 1018 1020 
4 936 1033 1042 1055 
4 947 999 1002 1027 
4 948 1041 1048 1051 
4 954 1030 1039 1067 
4 956 983 1045 1053 
4 960 1034 1035 1054 
4 962 1052 1060 1068 
4 968 1044 1057 1064 
4 970 984 1043 1063 
4 973 1038 1069 1072 
4 976 1059 1066 1089 
4 978 990 1070 1074 
4 992 1076 1091 1104 
4 995 1065 1077 1098 
4 998 1083 1112 1123 
4 1001 1075 1078 1092 
4 1004 1087 1088 1108 
4 1009 1056 1107 1109 
4 1010 1102 1103 1110 
4 1012 1036 1119 1121 
4 1013 1126 1139 1150 
4 1015 1097 1111 1128 
4 1021 1023 1093 1113 
4 1031 1046 1062 1124 
4 1032 1058 1125 1143 
4 1037 1084 1131 1144 
4 1040 1082 1169 1173 
4 1047 1127 1148 1151 
4 1049 1141 1155 1182 
4 1050 1079 1156 1158 
4 1061 1145 1163 1175 
4 1071 1176 1185 1187 
4 1073 1118 1137 1147 
4 1080 1085 1162 1198 
4 1081 1204 1215 1223 
4 1086 1095 1122 1189 
4 1090 1130 1153 1193 
4 1094 1195 1217 1219 
4 1096 1142 1168 1232 
4 1099 1100 1170 1213 
4 1101 1183 1229 1239 
4 1105 1117 1225 1236 
4 1106 1133 1134 1186 
4 1114 1166 1218 1240 
4 1115 1180 1241 1242 
4 1116 1184 1206 1244 
4 1120 1129 1177 1211 
4 1132 1135 1138 1222 
4 1136 1171 1243 1245 
4 1140 1149 1238 1246 
4 1146 1172 1247 1255 
4 1152 1188 1207 1251 
4 1154 1159 1257 1262 
4 1157 1179 1209 1252 
4 1160 1227 1230 1267 
4 1161 1174 1221 1272 
4 1164 1235 1274 1280 
4 1165 1167 1216 1264 
4 1178 1191 1278 1294 
4 1181 1192 1197 1281 
4 1190 1200 1265 1269 
4 1194 1201 1254 1268 
4 1196 1199 1263 1285 
4 1202 1226 1291 1293 
4 1203 1276 1300 1309 
4 1205 1270 1295 1301 
4 1208 1250 1282 1306 
4 1210 1303 1312 1320 
4 1212 1228 1304 1310 
4 1214 1289 1314 1315 
4 1220 1256 1258 1325 
4 1224 1290 1292 1327 
4 1231 1273 1302 1307 
4 1233 1237 1326 1334 
4 1234 1249 1342 1343 
4 1248 1297 1319 1354 
4 1253 1298 1299 1333 
4 1259 1275 1305 1317 
4 1260 1279 1337 1345 
4 1261 1328 1348 1349 
4 1266 1283 1284 1308 
4 1271 1277 1313 1346 
4 1286 1311 1316 1324 
4 1287 1352 1360 1363 
4 1288 1321 1338 1356 
4 1296 1331 1355 1362 
4 1318 1358 1365 1367 
4 1322 1329 1366 1370 
4 1323 1359 1368 1373 
4 1330 1347 1375 1379 
4 1332 1380 1387 1389 
4 1335 1350 1376 1384 
4 1336 1390 1392 1394 
4 1339 1391 1397 1398 
4 1340 1386 1395 1408 
4 1341 1402 1414 1419 
4 1344 1410 1420 1421 
4 1351 1369 1428 1431 
4 1353 1405 1412 1425 
4 1357 1407 1417 1424 
4 1361 1399 1432 1434 
4 1364 1374 1442 1443 
4 1371 1400 1435 1441 
4 1372 1401 1413 1446 
4 1377 1381 1415 1436 
4 1378 1382 1448 1449 
4 1383 1403 1438 1447 
4 1385 1456 1457 1463 
4 1388 1437 1451 1458 
4 1393 1455 1460 1462 
4 1396 1459 1468 1472 
4 1404 1411 1465 1481 
4 1406 1444 1461 1473 
4 1409 1416 1439 1486 
4 1418 1470 1478 1489 
4 1422 1454 1482 1483 
4 1423 1490 1493 1531 
4 1426 1440 1467 1506 
4 1427 1466 1500 1520 
4 1429 1498 1502 1503 
4 1430 1496 1521 1528 
4 1433 1474 1477 1501 
4 1445 1495 1511 1515 
4 1450 1469 1545 1548 
4 1452 1479 1513 1525 
4 1453 1484 1497 1539 
4 1464 1499 1537 1540 
4 1471 1494 1530 1543 
4 1475 1476 1560 1566 
4 1480 1504 1544 1557 
4 1485 1522 1547 1573 
4 1487 1532 1534 1558 
4 1488 1514 1546 1577 
4 1491 1550 1592 1594 
4 1492 1555 1567 1600 
4 1505 1518 1538 1541 
4 1507 1526 1559 1565 
4 1508 1576 1578 1583 
4 1509 1572 1582 1596 
4 1510 1603 1604 1605 
4 1512 1551 1588 1597 
4 1516 1536 1554 1607 
4 1517 1533 1585 1599 
4 1519 1549 1617 1623 
4 1523 1579 1608 1622 
4 1524 1629 1630 1637 
4 1527 1564 1613 1641 
4 1529 1553 1580 1612 
4 1535 1602 1626 1628 
4 1542 1633 1643 1645 
4 1552 1586 1590 1651 
4 1556 1614 1647 1662 
4 1561 1619 1657 1660 
4 1562 1593 1670 1672 
4 1563 1569 1574 1598 
4 1568 1638 1654 1666 
4 1570 1609 1663 1675 
4 1571 1618 1644 1655 
4 1575 1589 1615 1659 
4 1581 1611 1627 1632 
4 1584 1595 1674 1676 
4 1587 1646 1667 1680 
4 1591 1610 1664 1682 
4 1601 1656 1689 1692 
4 1606 1634 1635 1661 
4 1616 1620 1631 1687 
4 1621 1658 1690 1693 
4 1624 1652 1665 1686 
4 1625 1639 1678 1697 
4 1636 1679 1691 1702 
4 1640 1700 1703 1709 
4 1642 1698 1710 1715 
4 1648 1683 1716 1719 
4 1649 1695 1706 1721 
4 1650 1694 1732 1733 
4 1653 1669 1685 1730 
4 1668 1688 1705 1736 
4 1671 1738 1739 1748 
4 1673 1725 1746 1759 
4 1677 1722 1752 1769 
4 1681 1696 1727 1757 
4 1684 1731 1741 1760 
4 1699 1728 1740 1773 
4 1701 1704 1762 1771 
4 1707 1772 1776 1779 
4 1708 1744 1770 1780 
4 1711 1775 1782 1784 
4 1712 1723 1785 1790 
4 1713 1753 1758 1795 
4 1714 1764 1766 1792 
4 1717 1749 1786 1788 
4 1718 1745 1791 1794 
4 1720 1797 1803 1804 
4 1724 1778 1823 1828 
4 1726 1751 1824 1842 
4 1729 1852 1855 1875 
4 1734 1777 1802 1805 
4 1735 1798 1799 1813 
4 1737 1844 1859 1864 
4 1742 1811 1815 1816 
4 1743 1829 1832 1834 
4 1747 1768 1850 1863 
4 1750 1755 1826 1872 
4 1754 1767 1862 1871 
4 1756 1879 1887 1896 
4 1761 1781 1865 1893 
4 1763 1808 1857 1894 
4 1765 1789 1831 1901 
4 1774 1783 1793 1818 
4 1787 1846 1899 1906 
4 1796 1821 1854 1858 
4 1800 1801 1873 1882 
4 1806 1835 1881 1885 
4 1807 1825 1838 1900 
4 1809 1814 1847 1890 
4 1810 1860 1910 1913 
4 1812 1903 1907 1916 
4 1817 1911 1914 1919 
4 1819 1840 1867 1921 
4 1820 1877 1909 1938 
4 1822 1853 1924 1926 
4 1827 1848 1902 1925 
4 1830 1878 1927 1950 
4 1833 1869 1870 1935 
4 1836 1841 1880 1929 
4 1837 1868 1933 1940 
4 1839 1931 1937 1982 
4 1843 1856 1920 1945 
4 1845 1884 1966 1968 
4 1849 1874 1904 1932 
4 1851 1949 1960 1997 
4 1861 1915 1922 1962 
4 1866 1951 1957 1971 
4 1876 1928 1947 1991 
4 1883 1905 1942 1956 
4 1886 1918 1967 1981 
4 1888 1897 1908 1941 
4 1889 1944 1973 1990 
4 1891 1930 1958 2001 
4 1892 1943 2004 2005 
4 1895 1999 2014 2015 
4 1898 1939 1964 1974 
4 1912 1954 1970 1986 
4 1917 1923 1969 1977 
4 1934 1972 1985 2003 
4 1936 2017 2021 2027 
4 1946 2030 2032 2040 
4 1948 1989 1995 2018 
4 1952 1992 2022 2031 
4 1953 1959 2029 2037 
4 1955 2026 2041 2048 
4 1961 1984 2035 2042 
4 1963 2039 2049 2050 
4 1965 1978 2034 2052 
4 1975 2010 2044 2053 
4 1976 2011 2012 2056 
4 1979 1980 1993 2038 
4 1983 1987 2058 2063 
4 1988 2051 2066 2067 
4 1994 2069 2071 2073 
4 1996 2054 2075 2077 
4 1998 2033 2076 2084 
4 2000 2002 2046 2078 
4 2006 2047 2079 2088 
4 2007 2019 2028 2093 
4 2008 2097 2111 2130 
4 2009 2083 2090 2099 
4 2013 2016 2055 2082 
4 2020 2072 2103 2109 
4 2023 2092 2098 2108 
4 2024 2086 2100 2107 
4 2025 2065 2113 2114 
4 2036 2132 2133 2138 
4 2043 2068 2118 2119 
4 2045 2135 2139 2145 
4 2057 2059 2091 2131 
4 2060 2110 2140 2142 
4 2061 2146 2151 2158 
4 2062 2121 2122 2156 
4 2064 2105 2177 2182 
4 2070 2104 2183 2186 
4 2074 2147 2154 2161 
4 2080 2116 2181 2187 
4 2081 2101 2150 2171 
4 2085 2168 2188 2211 
4 2087 2126 2128 2153 
4 2089 2120 2157 2174 
4 2094 2197 2217 2223 
4 2095 2163 2173 2192 
4 2096 2214 2219 2225 
4 2102 2134 2178 2180 
4 2106 2176 2189 2195 
4 2112 2152 2208 2209 
4 2115 2170 2204 2233 
4 2117 2236 2238 2247 
4 2123 2184 2206 2255 
4 2124 2256 2257 2258 
4 2125 2172 2194 2201 
4 2127 2218 2224 2239 
4 2129 2200 2229 2248 
4 2136 2137 2164 2175 
4 2141 2230 2234 2250 
4 2143 2166 2198 2244 
4 2144 2185 2227 2263 
4 2148 2149 2193 2261 
4 2155 2179 2273 2276 
4 2159 2169 2249 2253 
4 2160 2270 2284 2286 
4 2162 2215 2231 2269 
4 2165 2202 2262 2287 
4 2167 2235 2266 2290 
4 2190 2237 2251 2271 
4 2191 2245 2272 2292 
4 2196 2302 2312 2315 
4 2199 2220 2275 2281 
4 2203 2283 2306 2317 
4 2205 2210 2279 2301 
4 2207 2278 2299 2319 
4 2212 2280 2291 2338 
4 2213 2298 2316 2321 
4 2216 2243 2252 2322 
4 2221 2232 2277 2318 
4 2222 2311 2325 2341 
4 2226 2264 2336 2347 
4 2228 2304 2350 2354 
4 2240 2242 2288 2327 
4 2241 2285 2297 2326 
4 2246 2332 2339 2346 
4 2254 2328 2335 2355 
4 2259 2294 2349 2360 
4 2260 2314 2344 2352 
4 2265 2268 2361 2362 
4 2267 2303 2363 2371 
4 2274 2348 2359 2366 
4 2282 2330 2369 2374 